19
13
6
19
14
6
19
15
6
19
16
6
19
17
6
19
18
6
19
19
6
19
20
6
19
21
6
20
12
6
20
14
7
20
15
7
20
16
7
20
17
7
20
18
7
20
19
7
20
20
7
20
22
6
21
11
6
21
13
7
21
15
8
21
16
8
21
17
8
21
18
8
21
19
8
21
21
7
21
23
6
22
11
6
22
12
7
22
14
9
22
15
8
22
16
8
22
17
8
22
18
8
22
19
8
22
20
9
22
22
7
22
23
6
23
11
6
23
12
7
23
13
8
23
14
8
23
16
8
23
18
8
23
20
8
23
21
8
23
22
7
23
23
6
24
11
6
24
12
7
24
13
8
24
14
8
24
15
8
24
17
9
24
19
8
24
20
8
24
21
8
24
22
7
24
23
6
25
11
6
25
12
7
25
13
8
25
14
8
25
16
9
25
17
10
25
18
9
25
20
8
25
21
8
25
22
7
25
23
6
26
11
6
26
12
7
26
13
8
26
14
8
26
15
8
26
17
9
26
19
8
26
20
8
26
21
8
26
22
7
26
23
6
27
11
6
27
12
7
27
13
8
27
14
8
27
16
8
27
18
8
27
20
8
27
21
8
27
22
7
27
23
6
28
11
6
28
12
7
28
14
9
28
15
8
28
16
8
28
17
8
28
18
8
28
19
8
28
20
9
28
22
7
28
23
6
29
11
6
29
13
7
29
15
8
29
16
8
29
17
8
29
18
8
29
19
8
29
21
7
29
23
6
30
12
6
30
14
7
30
15
7
30
16
7
30
17
7
30
18
7
30
19
7
30
20
7
30
22
6
31
13
6
31
14
6
31
15
6
31
16
6
31
17
6
31
18
6
31
19
6
31
20
6
31
21
6
