21
14
7
21
20
7
22
13
7
22
14
1
22
14
2
22
14
3
22
14
4
22
14
5
22
14
6
22
14
7
22
14
8
22
15
1
22
16
1
22
17
1
22
18
1
22
19
1
22
20
1
22
20
2
22
20
3
22
20
4
22
20
5
22
20
6
22
20
7
22
20
8
22
21
7
23
14
1
23
15
8
23
17
8
23
19
8
23
20
1
24
14
1
24
16
8
24
17
8
24
18
8
24
20
1
25
14
1
25
15
8
25
16
8
25
17
8
25
17
9
25
18
8
25
19
8
25
20
1
26
14
1
26
16
8
26
17
8
26
18
8
26
20
1
27
14
1
27
15
8
27
17
8
27
19
8
27
20
1
28
13
7
28
14
1
28
14
2
28
14
3
28
14
4
28
14
5
28
14
6
28
14
7
28
14
8
28
15
1
28
16
1
28
17
1
28
18
1
28
19
1
28
20
1
28
20
2
28
20
3
28
20
4
28
20
5
28
20
6
28
20
7
28
20
8
28
21
7
29
14
7
29
20
7
